РЕЗУЛЬТАТЫ МОДЕЛИРОВАНИЯ МНОГОКАНАЛЬНОЙ СМО С ОТКАЗАМИ (M/M/n/n)
=================================================================
n = 5 каналов,  μ = 2 зап/с,  время опыта = 30 с

    λ |  P0 эксп |  P0 теор |  Pотк эксп |  Pотк теор |   Q эксп |   Q теор |   A эксп |   A теор |   k эксп |   k теор
-----------------------------------------------------------------------------------------------------------------------
  0,5 |   0,9405 |   0,7788 |     0,0000 |     0,0000 |   1,0000 |   1,0000 |   0,6324 |   0,5000 |   0,2977 |   0,2500
  1,0 |   0,9131 |   0,6065 |     0,0000 |     0,0002 |   1,0000 |   0,9998 |   1,0332 |   0,9998 |   0,4345 |   0,4999
  1,5 |   0,8418 |   0,4724 |     0,0000 |     0,0009 |   1,0000 |   0,9991 |   1,3332 |   1,4986 |   0,7908 |   0,7493
  2,0 |   0,8622 |   0,3681 |     0,0000 |     0,0031 |   1,0000 |   0,9969 |   1,3998 |   1,9939 |   0,6889 |   0,9969
  2,5 |   0,7819 |   0,2870 |     0,0000 |     0,0073 |   1,0000 |   0,9927 |   2,5331 |   2,4818 |   1,0906 |   1,2409
  3,0 |   0,7258 |   0,2241 |     0,0000 |     0,0142 |   1,0000 |   0,9858 |   3,0331 |   2,9575 |   1,3711 |   1,4787
  3,5 |   0,5492 |   0,1754 |     0,0855 |     0,0240 |   0,9145 |   0,9760 |   3,5663 |   3,4160 |   2,2539 |   1,7080
  4,0 |   0,6826 |   0,1376 |     0,0096 |     0,0367 |   0,9904 |   0,9633 |   3,4330 |   3,8532 |   1,5868 |   1,9266
  4,5 |   0,5793 |   0,1084 |     0,0342 |     0,0521 |   0,9658 |   0,9479 |   4,6982 |   4,2657 |   2,1035 |   2,1328
  5,0 |   0,5264 |   0,0857 |     0,0414 |     0,0697 |   0,9586 |   0,9303 |   4,6333 |   4,6513 |   2,3682 |   2,3257
  5,5 |   0,5563 |   0,0681 |     0,0455 |     0,0892 |   0,9545 |   0,9108 |   4,8997 |   5,0093 |   2,2185 |   2,5047

ВЫВОДЫ:
1. С ростом λ вероятность отказа (Pотк) монотонно возрастает.
2. Относительная пропускная способность Q убывает с ростом λ.
3. Абсолютная пропускная способность A сначала растёт, затем насыщается.
4. При λ >> μ·n система насыщена, большинство запросов получают отказ.
5. Экспериментальные данные хорошо согласуются с теоретическими.
